f1 = 0.977043158861
recall = 0.955116696589
confusion_matrix = [[72593     0]
 [  275  5852]]
precision = 1.0
accuracy = 0.996506605691