FP = 0
TN = 30245
FN = 276
f1 = 0.996619552703
recall = 0.993261883255
confusion_matrix = [[30245     0]
 [  276 40685]]
precision = 0.998568980557
TP = 40685
accuracy = 0.996123922141