f1 = 0.978593272171
recall = 0.958083832335
confusion_matrix = [[2709    0]
 [  21  480]]
precision = 1.0
accuracy = 0.993457943925