f1 = 0.976705777953
recall = 0.990500712447
confusion_matrix = [[30230  1510]
 [  380 39623]]
precision = 0.963289815963
accuracy = 0.973655966436