f1 = 0.997264069824
recall = 1.0
confusion_matrix = [[ 28867   1015]
 [     0 184987]]
precision = 0.994543069429
accuracy = 0.99527619154