f1 = 0.989850414441
recall = 1.0
confusion_matrix = [[29405   840]
 [    0 40961]]
precision = 0.979904786967
accuracy = 0.9882032413