f1 = 0.912087912088
recall = 0.838383838384
confusion_matrix = [[25184     0]
 [  240  1245]]
precision = 1.0
accuracy = 0.991000787431