f1 = 0.95164410058
recall = 0.907749077491
confusion_matrix = [[7612    0]
 [ 200 1968]]
precision = 1.0
accuracy = 0.979550102249