f1 = 0.975554292211
recall = 0.952275249723
confusion_matrix = [[4657    0]
 [  43  858]]
precision = 1.0
accuracy = 0.992263404102