Variables: {'k': 3}
TP: 136
FP: 32982
FN: 209
TN: 190515
Accuracy: 0.851721303419
Precision: 0.199621560512
Recall: 0.394202898551
AUC: 0.433930909684
F1: 0.00812838059947



Variables: {'k': 3}, k_fold: 2, use_smote: True
TP: 148
FP: 32314
FN: 197
TN: 191183
Accuracy: 0.854759160479
Precision: 0.217212384595
Recall: 0.428985507246
AUC: 0.430274368044
F1: 0.0090224647179

