Variables: {'k': 3}
TP: 136
FP: 32982
FN: 209
TN: 190515
Accuracy: 0.851721303419
Precision: 0.199621560512
Recall: 0.394202898551
AUC: 0.433930909684
F1: 0.00812838059947