f1 = 0.946895009054
recall = 1.0
confusion_matrix = [[27253  4487]
 [    0 40003]]
precision = 0.899145875478
accuracy = 0.937457312909