FP = 0
TN = 0
FN = 0
f1 = 0.992964824121
recall = 0.986027944112
confusion_matrix = [[2709    0]
 [   7  494]]
precision = 1.0
TP = 0
accuracy = 0.997819314642