FP = 0
TN = 0
FN = 0
f1 = 0.998151571165
recall = 0.9963099631
confusion_matrix = [[7612    0]
 [   8 2160]]
precision = 1.0
TP = 0
accuracy = 0.99918200409