f1 = 0.92551576114
recall = 1.0
confusion_matrix = [[   107  29775]
 [     0 184987]]
precision = 0.861358154608
accuracy = 0.861427195175